{
 "cells": [
  {
   "cell_type": "markdown",
   "metadata": {},
   "source": [
    "# Analysing Embedding from OpenAI library #"
   ]
  },
  {
   "cell_type": "code",
   "execution_count": 22,
   "metadata": {},
   "outputs": [],
   "source": [
    "from itertools import product\n",
    "\n",
    "import os\n",
    "import openai\n",
    "\n",
    "import numpy as np\n",
    "import pandas as pd\n",
    "\n",
    "import torch\n",
    "import torch.nn.functional as F"
   ]
  },
  {
   "cell_type": "code",
   "execution_count": 27,
   "metadata": {},
   "outputs": [],
   "source": [
    "pd.set_option('display.max_rows', 50)\n",
    "pd.set_option('display.max_columns', 500)\n",
    "pd.set_option('display.width', 1000)\n",
    "\n",
    "torch.set_printoptions(linewidth=200)"
   ]
  },
  {
   "cell_type": "markdown",
   "metadata": {},
   "source": [
    "## Setting up OpenAI key ##\n",
    "Using personal key for access to OpenAI models"
   ]
  },
  {
   "cell_type": "code",
   "execution_count": 2,
   "metadata": {},
   "outputs": [
    {
     "name": "stdout",
     "output_type": "stream",
     "text": [
      "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\n"
     ]
    }
   ],
   "source": [
    "openai.api_key = os.getenv('OPENAI_API_KEY')\n",
    "print(os.getenv('OPENAI_API_KEY'))"
   ]
  },
  {
   "cell_type": "markdown",
   "metadata": {},
   "source": [
    "## Sanity Tests ##\n",
    "Few sanity tests for API"
   ]
  },
  {
   "cell_type": "code",
   "execution_count": 3,
   "metadata": {},
   "outputs": [],
   "source": [
    "chat_completion = openai.ChatCompletion.create(model='gpt-3.5-turbo', messages=[{'role':'user', 'content':'Hello World'}])"
   ]
  },
  {
   "cell_type": "code",
   "execution_count": 4,
   "metadata": {},
   "outputs": [
    {
     "name": "stdout",
     "output_type": "stream",
     "text": [
      "{\n",
      "  \"id\": \"chatcmpl-7wNuAnEiHhF3vwy2GHU1CDChslGAJ\",\n",
      "  \"object\": \"chat.completion\",\n",
      "  \"created\": 1694149270,\n",
      "  \"model\": \"gpt-3.5-turbo-0613\",\n",
      "  \"choices\": [\n",
      "    {\n",
      "      \"index\": 0,\n",
      "      \"message\": {\n",
      "        \"role\": \"assistant\",\n",
      "        \"content\": \"Hello! How can I assist you today?\"\n",
      "      },\n",
      "      \"finish_reason\": \"stop\"\n",
      "    }\n",
      "  ],\n",
      "  \"usage\": {\n",
      "    \"prompt_tokens\": 9,\n",
      "    \"completion_tokens\": 9,\n",
      "    \"total_tokens\": 18\n",
      "  }\n",
      "}\n"
     ]
    }
   ],
   "source": [
    "print(chat_completion)"
   ]
  },
  {
   "cell_type": "markdown",
   "metadata": {},
   "source": [
    "## Embeddings for reports ##\n",
    "Getting the embeddings and storing it in local files"
   ]
  },
  {
   "cell_type": "code",
   "execution_count": 5,
   "metadata": {},
   "outputs": [],
   "source": [
    "def get_embedding(text, model=\"text-embedding-ada-002\"):\n",
    "   text = text.replace(\"\\n\", \" \")\n",
    "   return openai.Embedding.create(input = [text], model=model)['data'][0]['embedding']"
   ]
  },
  {
   "cell_type": "code",
   "execution_count": 7,
   "metadata": {},
   "outputs": [],
   "source": [
    "sentence_list = [\"The report shows small right-sided pleural effusion\", \"The report shows small left-sided pleural effusion\",\\\n",
    "    \"The report shows large right-sided pleural effusion\", \"The report shows large left-sided pleural effusion\",\\\n",
    "    \"There are no abnormalities in the report\",\\\n",
    "    \"There is severe consolidation in the left side\",\"There is severe consolidation in the right side\",\\\n",
    "    \"There is mild consolidation in the right side\", \"There is mild consolidation in the left side\"\n",
    "]"
   ]
  },
  {
   "cell_type": "code",
   "execution_count": 10,
   "metadata": {},
   "outputs": [],
   "source": [
    "sentence1_base = \"A <SizeModifier> <AbnormalReport> can be seen in the report in the <LocationModifier> part\"\n",
    "sentence2_base = \"The report shows a <SizeModifier> <LocationModifier> <AbnormalReport>\"\n",
    "size_modifiers = ['small', 'large']\n",
    "loc_modifiers = ['upper-left', 'lower-left', 'right-sided', 'left-sided']\n",
    "abnormal_report = ['pleural effusion']\n",
    "\n",
    "l1 = [sentence1_base.replace('<SizeModifier>', size_mod).replace('<LocationModifier>', loc_mod).replace('<AbnormalReport>', ab_rep) for size_mod, loc_mod, ab_rep in product(size_modifiers, loc_modifiers, abnormal_report)]\n",
    "l2 = [sentence2_base.replace('<SizeModifier>', size_mod).replace('<LocationModifier>', loc_mod).replace('<AbnormalReport>', ab_rep) for size_mod, loc_mod, ab_rep in product(size_modifiers, loc_modifiers, abnormal_report)]"
   ]
  },
  {
   "cell_type": "code",
   "execution_count": 13,
   "metadata": {},
   "outputs": [],
   "source": [
    "negative_sentences = ['The report shows no pleural effusion', 'The report shows no consolidation on any side']\n",
    "all_sentence_list = l1 + l2 + negative_sentences + sentence_list[4:]"
   ]
  },
  {
   "cell_type": "code",
   "execution_count": 12,
   "metadata": {},
   "outputs": [
    {
     "name": "stdout",
     "output_type": "stream",
     "text": [
      "A small pleural effusion can be seen in the report in the upper-left part\n",
      "A small pleural effusion can be seen in the report in the lower-left part\n",
      "A small pleural effusion can be seen in the report in the right-sided part\n",
      "A small pleural effusion can be seen in the report in the left-sided part\n",
      "A large pleural effusion can be seen in the report in the upper-left part\n",
      "A large pleural effusion can be seen in the report in the lower-left part\n",
      "A large pleural effusion can be seen in the report in the right-sided part\n",
      "A large pleural effusion can be seen in the report in the left-sided part\n",
      "The report shows a small upper-left pleural effusion\n",
      "The report shows a small lower-left pleural effusion\n",
      "The report shows a small right-sided pleural effusion\n",
      "The report shows a small left-sided pleural effusion\n",
      "The report shows a large upper-left pleural effusion\n",
      "The report shows a large lower-left pleural effusion\n",
      "The report shows a large right-sided pleural effusion\n",
      "The report shows a large left-sided pleural effusion\n",
      "The report shows no pleural effusion\n",
      "The report shows no consolidation on any side\n",
      "There are no abnormalities in the report\n",
      "There is severe consolidation in the left side\n",
      "There is severe consolidation in the right side\n",
      "There is mild consolidation in the right side\n",
      "There is mild consolidation in the left side\n"
     ]
    }
   ],
   "source": [
    "print('\\n'.join(all_sentence_list))"
   ]
  },
  {
   "cell_type": "code",
   "execution_count": 14,
   "metadata": {},
   "outputs": [],
   "source": [
    "df = pd.DataFrame({'report':all_sentence_list})\n",
    "df['ada_embedding'] = df.report.apply(lambda x: get_embedding(x, model='text-embedding-ada-002'))\n",
    "df.to_csv('embedded_test_sentences1.csv', index=False)"
   ]
  },
  {
   "cell_type": "code",
   "execution_count": 29,
   "metadata": {},
   "outputs": [],
   "source": [
    "dataset1_template = \"\"\"xr- chest pa  view\n",
    "findings\n",
    "lungs: normal.\n",
    "trachea: normal.\n",
    "carina: normal.\n",
    "right and left main bronchi: normal.\n",
    "pleura: normal.\n",
    "heart: normal.\n",
    "right heart border: normal.\n",
    "left heart border: normal.\n",
    "pulmonary bay: normal.\n",
    "pulmonary hila: normal.\n",
    "aorta: normal.\n",
    "thoracic spine: normal.\n",
    "other visualized bones: normal.\n",
    "visualized soft tissues: normal.\n",
    "diaphragm: normal.\n",
    "visualized abdomen:  normal.\n",
    "visualized neck: normal.\"\"\"\n",
    "\n",
    "dataset1_pleural_issue=\"\"\"\n",
    "xr- chest pa view\n",
    "findings\n",
    "lungs: normal.\n",
    "trachea: normal.\n",
    "carina: normal.\n",
    "right and left main bronchi: normal.\n",
    "pleura: left costophrenic angle is blunted with thin stripe of homogenous opacity along left lateral chest wall.\n",
    "heart: normal.\n",
    "right heart border: normal.\n",
    "left heart border: normal.\n",
    "pulmonary bay: normal.\n",
    "pulmonary hila: normal.\n",
    "aorta: normal.\n",
    "thoracic spine: normal.\n",
    "other visualized bones: normal.\n",
    "visualized soft tissues: normal.\n",
    "diaphragm: normal.\n",
    "visualized abdomen:  normal.\n",
    "visualized neck: normal.\"\"\"\n",
    "\n",
    "dataset2_template=\"\"\"6191206|3862169|x-ray chest pa/ap view of 09-feb-2018:\n",
    "results:\n",
    "post cabg status.\n",
    "no focal lesion seen in the lung parenchyma.\n",
    "cp angles and domes of the diaphragm are normal.\n",
    "both hila are normal. pulmonary vasculature is normal.\n",
    "cardiac size and configuration is normal.\n",
    "trachea is central; no mediastinal shift is seen.\n",
    "bony thorax and soft tissues of the chest wall are normal.\n",
    "impression: no abnormality detected in the view obtained.\n",
    "\"\"\"\n",
    "\n",
    "dataset3_template=\"\"\"\n",
    "x-ray chest (pa view)\n",
    "the cardio thoracic ratio is normal.\n",
    "the heart size and configuration are within normal limits.\n",
    "the aortic arch is normal.\n",
    "the lung fields show normal broncho-vascular markings.\n",
    "both the pulmonary hila are normal in size.\n",
    "the costophrenic and cardiophrenic recesses and the domes of\n",
    "diaphragm are normal.\n",
    "the bones and soft tissues of the chest wall show no abnormality.\n",
    "impression : normal study.\n",
    "dr.shakthi kumar\n",
    "radiologist\n",
    "ss\n",
    "________________________________________________________\n",
    "\"\"\""
   ]
  },
  {
   "cell_type": "code",
   "execution_count": 30,
   "metadata": {},
   "outputs": [],
   "source": [
    "df2 = pd.DataFrame({'report': [dataset1_template, dataset1_pleural_issue, dataset2_template, dataset3_template]})\n",
    "df2['ada_embedding'] = df2.report.apply(lambda x: get_embedding(x, model='text-embedding-ada-002'))\n",
    "df2.to_csv('embedded_test_sentences2.csv', index=False)"
   ]
  },
  {
   "cell_type": "markdown",
   "metadata": {},
   "source": [
    "## Consine matrix for the embeddings ##"
   ]
  },
  {
   "cell_type": "code",
   "execution_count": 38,
   "metadata": {},
   "outputs": [],
   "source": [
    "def calc_cosine_sim_matrix(sentence_embeddings):\n",
    "    stacked_sentence_embeddings = torch.stack(sentence_embeddings)\n",
    "    # Calculate the cosine similarity matrix\n",
    "    cosine_sim_matrix = F.cosine_similarity(stacked_sentence_embeddings.unsqueeze(1), stacked_sentence_embeddings.unsqueeze(0), dim=2)\n",
    "    return stacked_sentence_embeddings, cosine_sim_matrix"
   ]
  },
  {
   "cell_type": "code",
   "execution_count": 47,
   "metadata": {},
   "outputs": [],
   "source": [
    "def toList(list_str):\n",
    "    return list(map(float, list_str[1:-1].split(', ')))"
   ]
  },
  {
   "cell_type": "code",
   "execution_count": 49,
   "metadata": {},
   "outputs": [],
   "source": [
    "df1 = pd.read_csv('embedded_test_sentences1.csv')\n",
    "df1.ada_embedding = df1.ada_embedding.apply(toList)"
   ]
  },
  {
   "cell_type": "code",
   "execution_count": 50,
   "metadata": {},
   "outputs": [
    {
     "name": "stdout",
     "output_type": "stream",
     "text": [
      "                                              report                                      ada_embedding\n",
      "0  A small pleural effusion can be seen in the re...  [-0.010283100418746471, 0.026601657271385193, ...\n",
      "1  A small pleural effusion can be seen in the re...  [-0.01526658982038498, 0.026450255885720253, 0...\n",
      "2  A small pleural effusion can be seen in the re...  [-0.018871692940592766, 0.026934247463941574, ...\n",
      "3  A small pleural effusion can be seen in the re...  [-0.014083346351981163, 0.03057301975786686, 0...\n",
      "4  A large pleural effusion can be seen in the re...  [-0.009492901153862476, 0.022884558886289597, ...\n",
      "                                                   report                                      ada_embedding\n",
      "count                                                  23                                                 23\n",
      "unique                                                 23                                                 23\n",
      "top     A small pleural effusion can be seen in the re...  [-0.010283100418746471, 0.026601657271385193, ...\n",
      "freq                                                    1                                                  1\n"
     ]
    }
   ],
   "source": [
    "print(df1.head())\n",
    "print(df1.describe())"
   ]
  },
  {
   "cell_type": "code",
   "execution_count": 51,
   "metadata": {},
   "outputs": [],
   "source": [
    "_, consine_sim_matrix1 = calc_cosine_sim_matrix(list(torch.Tensor(df1.ada_embedding)))"
   ]
  },
  {
   "cell_type": "code",
   "execution_count": 52,
   "metadata": {},
   "outputs": [
    {
     "name": "stdout",
     "output_type": "stream",
     "text": [
      "tensor([[1.0000, 0.9907, 0.9726, 0.9775, 0.9891, 0.9837, 0.9609, 0.9670, 0.9690, 0.9528, 0.9464, 0.9519, 0.9624, 0.9520, 0.9372, 0.9443, 0.8964, 0.7881, 0.8011, 0.8569, 0.8461, 0.8709, 0.8781],\n",
      "        [0.9907, 1.0000, 0.9738, 0.9817, 0.9775, 0.9903, 0.9584, 0.9679, 0.9643, 0.9645, 0.9500, 0.9584, 0.9495, 0.9625, 0.9332, 0.9443, 0.8953, 0.7906, 0.7997, 0.8613, 0.8471, 0.8748, 0.8851],\n",
      "        [0.9726, 0.9738, 1.0000, 0.9861, 0.9617, 0.9659, 0.9881, 0.9745, 0.9488, 0.9421, 0.9655, 0.9556, 0.9384, 0.9382, 0.9571, 0.9460, 0.8960, 0.7991, 0.8047, 0.8683, 0.8771, 0.8979, 0.8870],\n",
      "        [0.9775, 0.9817, 0.9861, 1.0000, 0.9680, 0.9748, 0.9754, 0.9896, 0.9544, 0.9510, 0.9557, 0.9681, 0.9469, 0.9521, 0.9472, 0.9614, 0.8953, 0.7985, 0.8005, 0.8822, 0.8660, 0.8900, 0.9026],\n",
      "        [0.9891, 0.9775, 0.9617, 0.9680, 1.0000, 0.9902, 0.9718, 0.9778, 0.9509, 0.9337, 0.9284, 0.9359, 0.9737, 0.9558, 0.9493, 0.9551, 0.8912, 0.7897, 0.7975, 0.8640, 0.8541, 0.8602, 0.8678],\n",
      "        [0.9837, 0.9903, 0.9659, 0.9748, 0.9902, 1.0000, 0.9709, 0.9803, 0.9497, 0.9490, 0.9348, 0.9452, 0.9629, 0.9694, 0.9465, 0.9565, 0.8921, 0.7930, 0.7964, 0.8694, 0.8557, 0.8663, 0.8771],\n",
      "        [0.9609, 0.9584, 0.9881, 0.9754, 0.9718, 0.9709, 1.0000, 0.9855, 0.9291, 0.9207, 0.9461, 0.9380, 0.9505, 0.9409, 0.9705, 0.9573, 0.8906, 0.7986, 0.8001, 0.8755, 0.8858, 0.8866, 0.8758],\n",
      "        [0.9670, 0.9679, 0.9745, 0.9896, 0.9778, 0.9803, 0.9855, 1.0000, 0.9350, 0.9304, 0.9356, 0.9503, 0.9570, 0.9539, 0.9573, 0.9706, 0.8888, 0.7989, 0.7963, 0.8889, 0.8727, 0.8781, 0.8916],\n",
      "        [0.9690, 0.9643, 0.9488, 0.9544, 0.9509, 0.9497, 0.9291, 0.9350, 1.0000, 0.9871, 0.9786, 0.9824, 0.9706, 0.9681, 0.9467, 0.9546, 0.9259, 0.8051, 0.8234, 0.8506, 0.8417, 0.8811, 0.8859],\n",
      "        [0.9528, 0.9645, 0.9421, 0.9510, 0.9337, 0.9490, 0.9207, 0.9304, 0.9871, 1.0000, 0.9755, 0.9833, 0.9514, 0.9757, 0.9377, 0.9501, 0.9288, 0.8110, 0.8277, 0.8520, 0.8396, 0.8810, 0.8889],\n",
      "        [0.9464, 0.9500, 0.9655, 0.9557, 0.9284, 0.9348, 0.9461, 0.9356, 0.9786, 0.9755, 1.0000, 0.9882, 0.9469, 0.9546, 0.9690, 0.9590, 0.9210, 0.8152, 0.8253, 0.8608, 0.8707, 0.9040, 0.8922],\n",
      "        [0.9519, 0.9584, 0.9556, 0.9681, 0.9359, 0.9452, 0.9380, 0.9503, 0.9824, 0.9833, 0.9882, 1.0000, 0.9554, 0.9682, 0.9597, 0.9751, 0.9217, 0.8182, 0.8230, 0.8737, 0.8598, 0.8959, 0.9061],\n",
      "        [0.9624, 0.9495, 0.9384, 0.9469, 0.9737, 0.9629, 0.9505, 0.9570, 0.9706, 0.9514, 0.9469, 0.9554, 1.0000, 0.9789, 0.9737, 0.9802, 0.9118, 0.7988, 0.8091, 0.8662, 0.8576, 0.8607, 0.8676],\n",
      "        [0.9520, 0.9625, 0.9382, 0.9521, 0.9558, 0.9694, 0.9409, 0.9539, 0.9681, 0.9757, 0.9546, 0.9682, 0.9789, 1.0000, 0.9637, 0.9779, 0.9138, 0.8038, 0.8088, 0.8712, 0.8566, 0.8667, 0.8790],\n",
      "        [0.9372, 0.9332, 0.9571, 0.9472, 0.9493, 0.9465, 0.9705, 0.9573, 0.9467, 0.9377, 0.9690, 0.9597, 0.9737, 0.9637, 1.0000, 0.9847, 0.9074, 0.8116, 0.8116, 0.8772, 0.8905, 0.8855, 0.8732],\n",
      "        [0.9443, 0.9443, 0.9460, 0.9614, 0.9551, 0.9565, 0.9573, 0.9706, 0.9546, 0.9501, 0.9590, 0.9751, 0.9802, 0.9779, 0.9847, 1.0000, 0.9083, 0.8157, 0.8096, 0.8914, 0.8772, 0.8789, 0.8914],\n",
      "        [0.8964, 0.8953, 0.8960, 0.8953, 0.8912, 0.8921, 0.8906, 0.8888, 0.9259, 0.9288, 0.9210, 0.9217, 0.9118, 0.9138, 0.9074, 0.9083, 1.0000, 0.8496, 0.8837, 0.8128, 0.8083, 0.8405, 0.8409],\n",
      "        [0.7881, 0.7906, 0.7991, 0.7985, 0.7897, 0.7930, 0.7986, 0.7989, 0.8051, 0.8110, 0.8152, 0.8182, 0.7988, 0.8038, 0.8116, 0.8157, 0.8496, 1.0000, 0.8512, 0.8509, 0.8490, 0.8413, 0.8385],\n",
      "        [0.8011, 0.7997, 0.8047, 0.8005, 0.7975, 0.7964, 0.8001, 0.7963, 0.8234, 0.8277, 0.8253, 0.8230, 0.8091, 0.8088, 0.8116, 0.8096, 0.8837, 0.8512, 1.0000, 0.7747, 0.7781, 0.8034, 0.7968],\n",
      "        [0.8569, 0.8613, 0.8683, 0.8822, 0.8640, 0.8694, 0.8755, 0.8889, 0.8506, 0.8520, 0.8608, 0.8737, 0.8662, 0.8712, 0.8772, 0.8914, 0.8128, 0.8509, 0.7747, 1.0000, 0.9811, 0.9504, 0.9636],\n",
      "        [0.8461, 0.8471, 0.8771, 0.8660, 0.8541, 0.8557, 0.8858, 0.8727, 0.8417, 0.8396, 0.8707, 0.8598, 0.8576, 0.8566, 0.8905, 0.8772, 0.8083, 0.8490, 0.7781, 0.9811, 1.0000, 0.9608, 0.9430],\n",
      "        [0.8709, 0.8748, 0.8979, 0.8900, 0.8602, 0.8663, 0.8866, 0.8781, 0.8811, 0.8810, 0.9040, 0.8959, 0.8607, 0.8667, 0.8855, 0.8789, 0.8405, 0.8413, 0.8034, 0.9504, 0.9608, 1.0000, 0.9849],\n",
      "        [0.8781, 0.8851, 0.8870, 0.9026, 0.8678, 0.8771, 0.8758, 0.8916, 0.8859, 0.8889, 0.8922, 0.9061, 0.8676, 0.8790, 0.8732, 0.8914, 0.8409, 0.8385, 0.7968, 0.9636, 0.9430, 0.9849, 1.0000]])\n"
     ]
    }
   ],
   "source": [
    "print(consine_sim_matrix1)"
   ]
  },
  {
   "cell_type": "code",
   "execution_count": 53,
   "metadata": {},
   "outputs": [],
   "source": [
    "df2 = pd.read_csv('embedded_test_sentences2.csv')\n",
    "df2.ada_embedding = df2.ada_embedding.apply(toList)"
   ]
  },
  {
   "cell_type": "code",
   "execution_count": 54,
   "metadata": {},
   "outputs": [
    {
     "name": "stdout",
     "output_type": "stream",
     "text": [
      "                                              report                                      ada_embedding\n",
      "0  xr- chest pa  view\\nfindings\\nlungs: normal.\\n...  [-0.018094871193170547, 0.01764216646552086, 0...\n",
      "1  \\nxr- chest pa view\\nfindings\\nlungs: normal.\\...  [-0.021756017580628395, 0.028477167710661888, ...\n",
      "2  6191206|3862169|x-ray chest pa/ap view of 09-f...  [-0.010397231206297874, 0.026680193841457367, ...\n",
      "3  \\nx-ray chest (pa view)\\nthe cardio thoracic r...  [0.0025291878264397383, 0.019118065014481544, ...\n",
      "                                                   report                                      ada_embedding\n",
      "count                                                   4                                                  4\n",
      "unique                                                  4                                                  4\n",
      "top     xr- chest pa  view\\nfindings\\nlungs: normal.\\n...  [-0.018094871193170547, 0.01764216646552086, 0...\n",
      "freq                                                    1                                                  1\n"
     ]
    }
   ],
   "source": [
    "print(df2.head())\n",
    "print(df2.describe())"
   ]
  },
  {
   "cell_type": "code",
   "execution_count": 55,
   "metadata": {},
   "outputs": [],
   "source": [
    "_, consine_sim_matrix2 = calc_cosine_sim_matrix(list(torch.Tensor(df2.ada_embedding)))"
   ]
  },
  {
   "cell_type": "code",
   "execution_count": 56,
   "metadata": {},
   "outputs": [
    {
     "name": "stdout",
     "output_type": "stream",
     "text": [
      "tensor([[1.0000, 0.9637, 0.9024, 0.9125],\n",
      "        [0.9637, 1.0000, 0.8912, 0.9063],\n",
      "        [0.9024, 0.8912, 1.0000, 0.9116],\n",
      "        [0.9125, 0.9063, 0.9116, 1.0000]])\n"
     ]
    }
   ],
   "source": [
    "print(consine_sim_matrix2)"
   ]
  },
  {
   "cell_type": "markdown",
   "metadata": {},
   "source": [
    "## Misc Tests ##"
   ]
  },
  {
   "cell_type": "code",
   "execution_count": 57,
   "metadata": {},
   "outputs": [
    {
     "name": "stdout",
     "output_type": "stream",
     "text": [
      "0    [-0.018094871193170547, 0.01764216646552086, 0...\n",
      "1    [-0.021756017580628395, 0.028477167710661888, ...\n",
      "2    [-0.010397231206297874, 0.026680193841457367, ...\n",
      "3    [0.0025291878264397383, 0.019118065014481544, ...\n",
      "Name: ada_embedding, dtype: object\n",
      "tensor([[-0.0181,  0.0176,  0.0213,  ...,  0.0016, -0.0061, -0.0341],\n",
      "        [-0.0218,  0.0285,  0.0143,  ...,  0.0073,  0.0019, -0.0346],\n",
      "        [-0.0104,  0.0267,  0.0137,  ..., -0.0061, -0.0096, -0.0348],\n",
      "        [ 0.0025,  0.0191,  0.0113,  ..., -0.0061,  0.0004, -0.0397]])\n",
      "tensor([[1., 2., 3.],\n",
      "        [1., 1., 5.]])\n",
      "tensor([[1.0000, 0.9258],\n",
      "        [0.9258, 1.0000]])\n"
     ]
    }
   ],
   "source": [
    "print(df2.ada_embedding)\n",
    "print(torch.Tensor(df2.ada_embedding))\n",
    "print(torch.Tensor([[1, 2, 3], [1, 1, 5]]))\n",
    "_, consine_sim_matrix3 = calc_cosine_sim_matrix(list(torch.Tensor([[1, 2, 3], [1, 1, 5]])))\n",
    "print(consine_sim_matrix3)\n"
   ]
  }
 ],
 "metadata": {
  "kernelspec": {
   "display_name": "TutorialCuda",
   "language": "python",
   "name": "python3"
  },
  "language_info": {
   "codemirror_mode": {
    "name": "ipython",
    "version": 3
   },
   "file_extension": ".py",
   "mimetype": "text/x-python",
   "name": "python",
   "nbconvert_exporter": "python",
   "pygments_lexer": "ipython3",
   "version": "3.11.4"
  },
  "orig_nbformat": 4
 },
 "nbformat": 4,
 "nbformat_minor": 2
}
